[Alpha]
1.000
[WindowPadding]
8.000 8.000
[WindowMinSize]
32.000 32.000
[FramePadding]
4.000 3.000
[FrameRounding]
6.000
[ItemSpacing]
8.000 4.000
[ItemInnerSpacing]
4.000 4.000
[TouchExtraPadding]
0.000 0.000
[WindowRounding]
0.000
[ColumnsMinSpacing]
6.000
1.000 1.000 1.000 1.000
0.500 0.500 0.500 1.000
0.060 0.060 0.060 0.940
0.000 0.000 0.000 0.000
0.080 0.080 0.080 0.940
0.430 0.430 0.500 0.500
0.000 0.000 0.000 0.000
0.160 0.290 0.480 0.540
0.260 0.590 0.980 0.400
0.260 0.590 0.980 0.670
0.040 0.040 0.040 1.000
0.160 0.290 0.480 1.000
0.000 0.000 0.000 0.510
0.140 0.140 0.140 1.000
0.020 0.020 0.020 0.530
0.310 0.310 0.310 1.000
0.410 0.410 0.410 1.000
0.510 0.510 0.510 1.000
0.260 0.590 0.980 1.000
0.240 0.520 0.880 1.000
0.260 0.590 0.980 1.000
0.260 0.590 0.980 0.400
0.260 0.590 0.980 1.000
0.060 0.530 0.980 1.000
0.260 0.590 0.980 0.310
0.260 0.590 0.980 0.800
0.260 0.590 0.980 1.000
0.430 0.430 0.500 0.500
0.100 0.400 0.750 0.780
0.100 0.400 0.750 1.000
0.260 0.590 0.980 0.200
0.260 0.590 0.980 0.670
0.260 0.590 0.980 0.950
0.180 0.350 0.580 0.862
0.260 0.590 0.980 0.800
0.200 0.410 0.680 1.000
0.068 0.102 0.148 0.972
0.136 0.262 0.424 1.000
0.260 0.590 0.980 0.700
0.200 0.200 0.200 1.000
0.610 0.610 0.610 1.000
1.000 0.430 0.350 1.000
0.900 0.700 0.000 1.000
1.000 0.600 0.000 1.000
0.190 0.190 0.200 1.000
0.310 0.310 0.350 1.000
0.230 0.230 0.250 1.000
0.000 0.000 0.000 0.000
1.000 1.000 1.000 0.060
0.260 0.590 0.980 0.350
1.000 1.000 0.000 0.900
0.260 0.590 0.980 1.000
1.000 1.000 1.000 0.700
0.800 0.800 0.800 0.200
0.800 0.800 0.800 0.350

